1
2
3
4
5
6
7
8
9
10
11
12
13
14
15
16
17
18
19
20
21
22
23
24
25
26
27
28
29
30
31
32
33
34
35
36
37
38
39
40
41
42
43
44
45
46
47
48
49
50
51
52
53
54
55
56
57
58
59
60
61
62
63
64
65
66
67
68
69
70
71
72
73
74
75
76
77
78
79
80
81
82
83
84
85
86
87
88
89
90
91
92
93
94
95
96
97
98
99
100
101
102
103
104
105
106
107
108
109
110
111
112
113
114
115
116
117
118
119
120
121
122
123
124
125
126
127
128
129
130
131
132
133
134
135
136
137
138
139
140
141
142
143
144
145
146
147
148
149
150
151
152
153
154
155
156
157
158
159
160
161
162
163
164
165
166
171
167
172
177
182
188
193
198
203
208
213
218
223
228
233
238
243
249
253
258
263
269
274
279
284
289
294
299
304
309
314
319
324
329
334
339
344
349
354
359
364
369
374
379
383
387
391
395
399
403
407
411
416
421
426
431
436
441
446
451
456
461
466
471
476
481
486
491
496
501
506
511
515
520
525
530
535
540
545
550
555
560
565
572
576
582
587
592
598
603
608
613
618
623
628
633
638
643
648
653
658
663
668
673
678
683
688
693
698
703
708
713
718
723
728
733
738
743
748
754
759
764
770
775
780
785
790
795
800
805
810
815
820
825
830
835
840
845
850
855
860
865
870
875
880
885
890
895
900
905
910
915
920
925
930
935
940
945
950
955
168
173
178
183
189
194
200
205
210
215
220
226
231
236
241
246
251
256
261
266
271
276
281
286
291
296
301
306
311
316
321
326
331
336
343
348
353
358
363
368
373
378
382
386
390
394
398
402
406
410
414
419
424
429
434
439
444
449
454
459
464
469
474
480
485
490
495
500
505
510
518
523
528
533
538
543
548
553
558
563
568
573
578
583
588
594
599
604
609
614
619
624
629
634
639
645
650
655
660
665
670
675
680
685
690
695
700
705
710
715
721
726
731
736
741
746
751
756
761
766
771
776
781
786
791
796
801
806
811
816
821
826
831
836
841
846
852
856
861
866
871
876
881
886
891
896
901
906
911
917
922
927
932
937
942
947
952
957
962
967
169
174
179
184
187
192
197
202
207
212
217
222
227
232
237
242
247
252
257
262
267
272
277
282
287
292
297
302
307
312
317
322
327
332
337
341
346
350
355
360
365
371
376
415
420
425
430
435
440
445
450
455
460
465
470
475
479
484
489
494
499
504
509
514
519
524
529
534
539
544
549
554
559
564
569
574
579
584
589
593
597
602
607
612
617
622
627
632
637
642
647
652
657
662
667
672
677
681
686
691
696
701
706
711
716
720
725
730
735
740
745
750
755
760
765
769
774
779
784
789
794
799
804
809
814
819
824
829
834
839
844
849
854
859
864
868
873
878
883
887
892
897
902
907
912
916
921
926
931
936
941
946
951
956
961
966
170
175
180
185
190
195
199
204
209
214
219
224
229
234
239
244
248
254
259
264
268
273
278
283
288
293
298
303
308
313
318
323
328
333
338
342
347
352
357
362
366
370
375
380
384
388
392
396
400
404
408
412
417
422
427
432
437
442
447
452
457
462
467
472
477
482
487
492
497
502
507
512
516
521
526
531
536
541
546
551
556
561
566
570
575
580
585
590
595
600
605
610